    0.0000793851           0.0000724683
    0.0001190776           0.0000887552
    0.0001852319           0.0001106972
    0.0002513861           0.0001289584
    0.0003307712           0.0001479254
    0.0003836946           0.0001593205
    0.0003307712           0.0001479254
    0.0005160031           0.0001847588
    0.0005556956           0.0001917332
    0.0005027722           0.0001823747
    0.0006483116           0.0002070956
    0.0006880041           0.0002133410
    0.0008335435           0.0002348243
    0.0007012350           0.0002153826
    0.0010055444           0.0002579167
    0.0007409275           0.0002213944
    0.0011775455           0.0002791051
    0.0010584679           0.0002646170
    0.0010187753           0.0002596080
    0.0012172380           0.0002837701
    0.0010849296           0.0002679043
    0.0010452371           0.0002629579
    0.0011775455           0.0002791051
    0.0013230848           0.0002958508
    0.0012436997           0.0002868380
    0.0011113912           0.0002711517
    0.0010716987           0.0002662657
    0.0013495465           0.0002987946
    0.0009526210           0.0002510377
    0.0011643147           0.0002775326
    0.0012966231           0.0002928773
    0.0015744709           0.0003227351
    0.0015877018           0.0003240883
    0.0013495465           0.0002987946
    0.0016538560           0.0003307712
    0.0015744709           0.0003227351
    0.0018258571           0.0003475460
    0.0017067794           0.0003360219
    0.0016803177           0.0003334069
    0.0017332413           0.0003386167
    0.0016803177           0.0003334069
    0.0017729336           0.0003424720
    0.0016935486           0.0003347169
    0.0014553934           0.0003102909
    0.0014421624           0.0003088773
    0.0018126263           0.0003462844
    0.0015215476           0.0003172646
    0.0012966231           0.0002928773
    0.0014289317           0.0003074571
    0.0013363158           0.0002973263
    0.0013363158           0.0002973263
    0.0013760081           0.0003017098
    0.0013230848           0.0002958508
    0.0013230848           0.0002958508
    0.0013230848           0.0002958508
    0.0012040073           0.0002822236
    0.0013230848           0.0002958508
    0.0012304690           0.0002853081
    0.0009923136           0.0002562143
    0.0012833923           0.0002913792
    0.0009393902           0.0002492883
    0.0010187753           0.0002596080
    0.0010849296           0.0002679043
    0.0010981604           0.0002695329
    0.0011246221           0.0002727609
    0.0011510839           0.0002759512
    0.0009923136           0.0002562143
    0.0010187753           0.0002596080
    0.0010849296           0.0002679043
    0.0009923136           0.0002562143
    0.0006615424           0.0002091981
    0.0010055444           0.0002579167
    0.0007806201           0.0002272473
    0.0010452371           0.0002629579
    0.0007409275           0.0002213944
    0.0010716987           0.0002662657
    0.0007806201           0.0002272473
    0.0007806201           0.0002272473
    0.0009261594           0.0002475265
    0.0008996977           0.0002439648
    0.0008203126           0.0002329531
    0.0008732360           0.0002403503
    0.0008070818           0.0002310668
    0.0007673893           0.0002253132
    0.0010584679           0.0002646170
    0.0007673893           0.0002253132
    0.0007938509           0.0002291650
    0.0006483116           0.0002070956
    0.0006218498           0.0002028251
    0.0007012350           0.0002153826
    0.0007673893           0.0002253132
    0.0005953882           0.0001984627
    0.0006747732           0.0002112797
    0.0004101563           0.0001647227
    0.0008203126           0.0002329531
    0.0006218498           0.0002028251
    0.0005689265           0.0001940023
    0.0005953882           0.0001984627
    0.0004763105           0.0001775104
    0.0005424648           0.0001894369
    0.0004895414           0.0001799590
    0.0004895414           0.0001799590
    0.0004233872           0.0001673585
    0.0004895414           0.0001799590
    0.0005292339           0.0001871125
    0.0005689265           0.0001940023
    0.0006483116           0.0002070956
    0.0006350807           0.0002049714
    0.0004498489           0.0001725092
    0.0005556956           0.0001917332
    0.0006483116           0.0002070956
    0.0004498489           0.0001725092
    0.0004233872           0.0001673585
    0.0005292339           0.0001871125
    0.0005424648           0.0001894369
    0.0005689265           0.0001940023
    0.0003836946           0.0001593205
    0.0003969255           0.0001620441
    0.0003704638           0.0001565495
    0.0002116936           0.0001183403
    0.0003307712           0.0001479254
    0.0002646170           0.0001323085
    0.0003969255           0.0001620441
    0.0003307712           0.0001479254
    0.0003307712           0.0001479254
    0.0003572329           0.0001537286
    0.0003307712           0.0001479254
    0.0002513861           0.0001289584
    0.0003572329           0.0001537286
    0.0004233872           0.0001673585
    0.0003969255           0.0001620441
    0.0002778478           0.0001355758
    0.0003307712           0.0001479254
    0.0003307712           0.0001479254
    0.0003969255           0.0001620441
    0.0002646170           0.0001323085
    0.0003440020           0.0001508549
    0.0003043095           0.0001418850
    0.0002910787           0.0001387663
    0.0002249244           0.0001219824
    0.0002381553           0.0001255188
    0.0002646170           0.0001323085
    0.0003175404           0.0001449367
    0.0001587702           0.0001024857
    0.0003043095           0.0001418850
    0.0001852319           0.0001106972
    0.0003572329           0.0001537286
    0.0002513861           0.0001289584
    0.0002381553           0.0001255188
    0.0001984627           0.0001145825
    0.0002381553           0.0001255188
    0.0002249244           0.0001219824
    0.0002249244           0.0001219824
    0.0002778478           0.0001355758
    0.0002513861           0.0001289584
    0.0002910787           0.0001387663
    0.0002910787           0.0001387663
    0.0001720010           0.0001066705
    0.0001587702           0.0001024857
    0.0001720010           0.0001066705
    0.0001455393           0.0000981226
    0.0002116936           0.0001183403
    0.0003043095           0.0001418850
    0.0002646170           0.0001323085
    0.0002513861           0.0001289584
    0.0001984627           0.0001145825
    0.0001720010           0.0001066705
    0.0002381553           0.0001255188
    0.0002116936           0.0001183403
    0.0001190776           0.0000887552
    0.0001323085           0.0000935562
    0.0001587702           0.0001024857
    0.0001455393           0.0000981226
    0.0001190776           0.0000887552
    0.0001455393           0.0000981226
    0.0001852319           0.0001106972
    0.0001455393           0.0000981226
    0.0001984627           0.0001145825
    0.0002249244           0.0001219824
    0.0001455393           0.0000981226
    0.0000529234           0.0000591702
    0.0001058468           0.0000836792
    0.0001323085           0.0000935562
    0.0001455393           0.0000981226
    0.0001058468           0.0000836792
    0.0001058468           0.0000836792
    0.0001323085           0.0000935562
    0.0000926159           0.0000782748
    0.0001455393           0.0000981226
    0.0000926159           0.0000782748
    0.0001455393           0.0000981226
    0.0001455393           0.0000981226
    0.0001455393           0.0000981226
    0.0001720010           0.0001066705
    0.0001190776           0.0000887552
    0.0001720010           0.0001066705
    0.0001058468           0.0000836792
    0.0001984627           0.0001145825
    0.0001058468           0.0000836792
    0.0001852319           0.0001106972
    0.0000529234           0.0000591702
    0.0001058468           0.0000836792
    0.0001190776           0.0000887552
    0.0000793851           0.0000724683
    0.0001058468           0.0000836792
    0.0000793851           0.0000724683
    0.0001323085           0.0000935562
    0.0000661542           0.0000661542
    0.0000793851           0.0000724683
    0.0001720010           0.0001066705
    0.0001720010           0.0001066705
    0.0000529234           0.0000591702
    0.0001587702           0.0001024857
    0.0000926159           0.0000782748
    0.0001984627           0.0001145825
    0.0000793851           0.0000724683
    0.0001058468           0.0000836792
    0.0000793851           0.0000724683
    0.0000529234           0.0000591702
    0.0000396925           0.0000512429
    0.0001190776           0.0000887552
    0.0001323085           0.0000935562
    0.0001190776           0.0000887552
    0.0001323085           0.0000935562
    0.0000793851           0.0000724683
    0.0000264617           0.0000418396
    0.0001058468           0.0000836792
    0.0000926159           0.0000782748
    0.0000793851           0.0000724683
    0.0000396925           0.0000512429
    0.0001587702           0.0001024857
    0.0000926159           0.0000782748
    0.0000793851           0.0000724683
    0.0001058468           0.0000836792
    0.0000793851           0.0000724683
    0.0001058468           0.0000836792
    0.0000661542           0.0000661542
    0.0001190776           0.0000887552
    0.0001455393           0.0000981226
    0.0001058468           0.0000836792
    0.0000529234           0.0000591702
    0.0001455393           0.0000981226
    0.0000793851           0.0000724683
    0.0001190776           0.0000887552
    0.0000529234           0.0000591702
    0.0000529234           0.0000591702
    0.0001058468           0.0000836792
    0.0000793851           0.0000724683
    0.0001058468           0.0000836792
    0.0001058468           0.0000836792
    0.0000529234           0.0000591702
    0.0001058468           0.0000836792
    0.0000264617           0.0000418396
    0.0001323085           0.0000935562
    0.0000661542           0.0000661542
    0.0000661542           0.0000661542
    0.0000529234           0.0000591702
    0.0001190776           0.0000887552
    0.0000926159           0.0000782748
    0.0000661542           0.0000661542
    0.0000529234           0.0000591702
    0.0000793851           0.0000724683
    0.0001455393           0.0000981226
    0.0000926159           0.0000782748
    0.0000793851           0.0000724683
    0.0000529234           0.0000591702
    0.0000396925           0.0000512429
    0.0000132308           0.0000295851
    0.0000529234           0.0000591702
    0.0000793851           0.0000724683
    0.0000264617           0.0000418396
    0.0000396925           0.0000512429
    0.0000264617           0.0000418396
    0.0000793851           0.0000724683
    0.0000793851           0.0000724683
    0.0000926159           0.0000782748
    0.0000793851           0.0000724683
    0.0000793851           0.0000724683
    0.0000396925           0.0000512429
    0.0000793851           0.0000724683
    0.0000926159           0.0000782748
    0.0001058468           0.0000836792
    0.0000793851           0.0000724683
    0.0000793851           0.0000724683
    0.0001058468           0.0000836792
    0.0001058468           0.0000836792
    0.0000926159           0.0000782748
    0.0001455393           0.0000981226
    0.0000793851           0.0000724683
    0.0000264617           0.0000418396
    0.0000529234           0.0000591702
    0.0000396925           0.0000512429
    0.0000529234           0.0000591702
    0.0000793851           0.0000724683
    0.0000396925           0.0000512429
    0.0000264617           0.0000418396
    0.0000793851           0.0000724683
    0.0001058468           0.0000836792
    0.0000926159           0.0000782748
    0.0000661542           0.0000661542
    0.0000926159           0.0000782748
    0.0000529234           0.0000591702
    0.0000132308           0.0000295851
    0.0000926159           0.0000782748
    0.0000396925           0.0000512429
    0.0000132308           0.0000295851
    0.0000264617           0.0000418396
    0.0000264617           0.0000418396
    0.0000264617           0.0000418396
    0.0000926159           0.0000782748
    0.0000529234           0.0000591702
    0.0000529234           0.0000591702
    0.0000132308           0.0000295851
    0.0000132308           0.0000295851
    0.0000396925           0.0000512429
    0.0000661542           0.0000661542
    0.0000529234           0.0000591702
    0.0000529234           0.0000591702
    0.0000132308           0.0000295851
    0.0000264617           0.0000418396
    0.0000264617           0.0000418396
    0.0000793851           0.0000724683
    0.0000264617           0.0000418396
    0.0000396925           0.0000512429
    0.0000000000           0.0000000000
    0.0000529234           0.0000591702
    0.0000661542           0.0000661542
    0.0000529234           0.0000591702
    0.0000396925           0.0000512429
    0.0000529234           0.0000591702
    0.0000529234           0.0000591702
    0.0000396925           0.0000512429
    0.0000264617           0.0000418396
    0.0000264617           0.0000418396
    0.0000000000           0.0000000000
    0.0000396925           0.0000512429
    0.0000132308           0.0000295851
    0.0000264617           0.0000418396
    0.0000529234           0.0000591702
    0.0000396925           0.0000512429
    0.0000264617           0.0000418396
    0.0000264617           0.0000418396
    0.0000661542           0.0000661542
    0.0000264617           0.0000418396
    0.0000661542           0.0000661542
    0.0000529234           0.0000591702
    0.0000529234           0.0000591702
    0.0000000000           0.0000000000
    0.0000000000           0.0000000000
    0.0000529234           0.0000591702
    0.0000264617           0.0000418396
    0.0000264617           0.0000418396
    0.0000661542           0.0000661542
    0.0000132308           0.0000295851
    0.0000264617           0.0000418396
    0.0000396925           0.0000512429
    0.0000132308           0.0000295851
    0.0000264617           0.0000418396
    0.0000396925           0.0000512429
    0.0000264617           0.0000418396
    0.0000396925           0.0000512429
    0.0000264617           0.0000418396
    0.0000396925           0.0000512429
    0.0000396925           0.0000512429
    0.0000661542           0.0000661542
    0.0000132308           0.0000295851
    0.0000264617           0.0000418396
    0.0000264617           0.0000418396
    0.0000132308           0.0000295851
    0.0000132308           0.0000295851
    0.0000661542           0.0000661542
    0.0000132308           0.0000295851
    0.0000396925           0.0000512429
    0.0000661542           0.0000661542
    0.0000529234           0.0000591702
    0.0000396925           0.0000512429
    0.0000132308           0.0000295851
    0.0000529234           0.0000591702
    0.0000000000           0.0000000000
    0.0000529234           0.0000591702
    0.0000396925           0.0000512429
    0.0000132308           0.0000295851
    0.0000264617           0.0000418396
    0.0000132308           0.0000295851
    0.0000264617           0.0000418396
    0.0000396925           0.0000512429
    0.0000132308           0.0000295851
    0.0000396925           0.0000512429
    0.0000529234           0.0000591702
    0.0000132308           0.0000295851
    0.0000529234           0.0000591702
    0.0000396925           0.0000512429
    0.0000264617           0.0000418396
    0.0000132308           0.0000295851
    0.0000132308           0.0000295851
    0.0000529234           0.0000591702
    0.0000396925           0.0000512429
    0.0000396925           0.0000512429
    0.0000000000           0.0000000000
    0.0000264617           0.0000418396
    0.0000000000           0.0000000000
    0.0000132308           0.0000295851
    0.0000132308           0.0000295851
    0.0000132308           0.0000295851
    0.0000396925           0.0000512429
    0.0000529234           0.0000591702
    0.0000264617           0.0000418396
    0.0000264617           0.0000418396
    0.0000132308           0.0000295851
    0.0000132308           0.0000295851
    0.0000000000           0.0000000000
    0.0000396925           0.0000512429
    0.0000264617           0.0000418396
    0.0000264617           0.0000418396
    0.0000264617           0.0000418396
    0.0000396925           0.0000512429
    0.0000132308           0.0000295851
    0.0000264617           0.0000418396
    0.0000000000           0.0000000000
    0.0000132308           0.0000295851
    0.0000396925           0.0000512429
    0.0000396925           0.0000512429
    0.0000793851           0.0000724683
    0.0000529234           0.0000591702
    0.0000132308           0.0000295851
    0.0000000000           0.0000000000
    0.0000132308           0.0000295851
    0.0000264617           0.0000418396
    0.0000264617           0.0000418396
    0.0000132308           0.0000295851
    0.0000000000           0.0000000000
    0.0000000000           0.0000000000
    0.0000264617           0.0000418396
    0.0000000000           0.0000000000
    0.0000396925           0.0000512429
    0.0000396925           0.0000512429
    0.0000396925           0.0000512429
    0.0000132308           0.0000295851
    0.0000132308           0.0000295851
    0.0000396925           0.0000512429
    0.0000661542           0.0000661542
    0.0000000000           0.0000000000
    0.0000264617           0.0000418396
    0.0000264617           0.0000418396
    0.0000264617           0.0000418396
    0.0000264617           0.0000418396
    0.0000264617           0.0000418396
    0.0000000000           0.0000000000
    0.0000926159           0.0000782748
    0.0000264617           0.0000418396
    0.0000396925           0.0000512429
    0.0000000000           0.0000000000
    0.0000264617           0.0000418396
    0.0000132308           0.0000295851
    0.0000000000           0.0000000000
    0.0000661542           0.0000661542
    0.0000264617           0.0000418396
    0.0000000000           0.0000000000
    0.0000000000           0.0000000000
    0.0000132308           0.0000295851
    0.0000793851           0.0000724683
    0.0000132308           0.0000295851
    0.0000132308           0.0000295851
    0.0000132308           0.0000295851
    0.0000132308           0.0000295851
    0.0000132308           0.0000295851
    0.0000132308           0.0000295851
    0.0000264617           0.0000418396
    0.0000264617           0.0000418396
    0.0000132308           0.0000295851
    0.0000264617           0.0000418396
    0.0000132308           0.0000295851
    0.0000132308           0.0000295851
    0.0000132308           0.0000295851
    0.0000000000           0.0000000000
    0.0000132308           0.0000295851
    0.0000793851           0.0000724683
    0.0000132308           0.0000295851
    0.0000132308           0.0000295851
    0.0000396925           0.0000512429
    0.0000000000           0.0000000000
    0.0000132308           0.0000295851
    0.0000264617           0.0000418396
    0.0000132308           0.0000295851
    0.0000132308           0.0000295851
    0.0000396925           0.0000512429
    0.0000132308           0.0000295851
    0.0000264617           0.0000418396
    0.0000132308           0.0000295851
    0.0000132308           0.0000295851
    0.0000132308           0.0000295851
    0.0000132308           0.0000295851
    0.0000132308           0.0000295851
    0.0000264617           0.0000418396
    0.0000264617           0.0000418396
    0.0000000000           0.0000000000
    0.0000132308           0.0000295851
    0.0000396925           0.0000512429
    0.0000000000           0.0000000000
    0.0000132308           0.0000295851
    0.0000000000           0.0000000000
    0.0000132308           0.0000295851
    0.0000264617           0.0000418396
    0.0000132308           0.0000295851
    0.0000264617           0.0000418396
    0.0000000000           0.0000000000
    0.0000264617           0.0000418396
    0.0000264617           0.0000418396
    0.0000396925           0.0000512429
    0.0000132308           0.0000295851
    0.0000132308           0.0000295851
    0.0000264617           0.0000418396
    0.0000000000           0.0000000000
    0.0000396925           0.0000512429
    0.0000132308           0.0000295851
    0.0000264617           0.0000418396
    0.0000661542           0.0000661542
    0.0000264617           0.0000418396
    0.0000396925           0.0000512429
    0.0000529234           0.0000591702
    0.0000000000           0.0000000000
    0.0000264617           0.0000418396
    0.0000132308           0.0000295851
    0.0000264617           0.0000418396
    0.0000661542           0.0000661542
    0.0000132308           0.0000295851
    0.0000132308           0.0000295851
    0.0000396925           0.0000512429
    0.0000132308           0.0000295851
    0.0000264617           0.0000418396
    0.0000264617           0.0000418396
    0.0000396925           0.0000512429
    0.0000264617           0.0000418396
    0.0000000000           0.0000000000
    0.0000396925           0.0000512429
    0.0000000000           0.0000000000
    0.0000396925           0.0000512429
    0.0000132308           0.0000295851
    0.0000132308           0.0000295851
    0.0000000000           0.0000000000
    0.0000661542           0.0000661542
    0.0000132308           0.0000295851
    0.0000132308           0.0000295851
    0.0000132308           0.0000295851
    0.0000000000           0.0000000000
    0.0000132308           0.0000295851
    0.0000000000           0.0000000000
    0.0000132308           0.0000295851
    0.0000000000           0.0000000000
    0.0000396925           0.0000512429
    0.0000000000           0.0000000000
    0.0000000000           0.0000000000
    0.0000264617           0.0000418396
    0.0000132308           0.0000295851
    0.0000132308           0.0000295851
    0.0000132308           0.0000295851
    0.0000132308           0.0000295851
    0.0000000000           0.0000000000
    0.0000264617           0.0000418396
    0.0000396925           0.0000512429
    0.0000264617           0.0000418396
    0.0000000000           0.0000000000
    0.0000132308           0.0000295851
    0.0000132308           0.0000295851
    0.0000000000           0.0000000000
    0.0000264617           0.0000418396
    0.0000132308           0.0000295851
    0.0000132308           0.0000295851
    0.0000000000           0.0000000000
    0.0000132308           0.0000295851
    0.0000000000           0.0000000000
    0.0000264617           0.0000418396
    0.0000132308           0.0000295851
    0.0000132308           0.0000295851
    0.0000264617           0.0000418396
    0.0000132308           0.0000295851
    0.0000000000           0.0000000000
    0.0000132308           0.0000295851
    0.0000132308           0.0000295851
    0.0000132308           0.0000295851
    0.0000132308           0.0000295851
    0.0000396925           0.0000512429
    0.0000132308           0.0000295851
    0.0000264617           0.0000418396
    0.0000000000           0.0000000000
    0.0000264617           0.0000418396
    0.0000132308           0.0000295851
    0.0000000000           0.0000000000
    0.0000000000           0.0000000000
    0.0000132308           0.0000295851
    0.0000132308           0.0000295851
    0.0000529234           0.0000591702
    0.0000000000           0.0000000000
    0.0000132308           0.0000295851
    0.0000000000           0.0000000000
    0.0000396925           0.0000512429
    0.0000000000           0.0000000000
    0.0000132308           0.0000295851
    0.0000396925           0.0000512429
    0.0000000000           0.0000000000
    0.0000000000           0.0000000000
    0.0000264617           0.0000418396
    0.0000000000           0.0000000000
    0.0000000000           0.0000000000
    0.0000000000           0.0000000000
    0.0000132308           0.0000295851
    0.0000132308           0.0000295851
    0.0000132308           0.0000295851
    0.0000132308           0.0000295851
    0.0000000000           0.0000000000
    0.0000132308           0.0000295851
    0.0000132308           0.0000295851
    0.0000132308           0.0000295851
    0.0000396925           0.0000512429
    0.0000000000           0.0000000000
    0.0000000000           0.0000000000
    0.0000264617           0.0000418396
    0.0000000000           0.0000000000
    0.0000264617           0.0000418396
    0.0000000000           0.0000000000
    0.0000000000           0.0000000000
    0.0000132308           0.0000295851
    0.0000000000           0.0000000000
    0.0000132308           0.0000295851
    0.0000132308           0.0000295851
    0.0000000000           0.0000000000
    0.0000000000           0.0000000000
    0.0000132308           0.0000295851
    0.0000000000           0.0000000000
    0.0000000000           0.0000000000
    0.0000132308           0.0000295851
    0.0000000000           0.0000000000
    0.0000264617           0.0000418396
    0.0000000000           0.0000000000
    0.0000132308           0.0000295851
    0.0000264617           0.0000418396
    0.0000132308           0.0000295851
    0.0000000000           0.0000000000
    0.0000132308           0.0000295851
    0.0000264617           0.0000418396
    0.0000132308           0.0000295851
    0.0000132308           0.0000295851
    0.0000264617           0.0000418396
    0.0000132308           0.0000295851
    0.0000264617           0.0000418396
    0.0000000000           0.0000000000
    0.0000132308           0.0000295851
    0.0000132308           0.0000295851
    0.0000132308           0.0000295851
    0.0000264617           0.0000418396
    0.0000000000           0.0000000000
    0.0000000000           0.0000000000
    0.0000264617           0.0000418396
    0.0000132308           0.0000295851
    0.0000000000           0.0000000000
    0.0000132308           0.0000295851
    0.0000000000           0.0000000000
    0.0000000000           0.0000000000
    0.0000000000           0.0000000000
    0.0000132308           0.0000295851
    0.0000264617           0.0000418396
    0.0000264617           0.0000418396
    0.0000264617           0.0000418396
    0.0000132308           0.0000295851
    0.0000000000           0.0000000000
    0.0000000000           0.0000000000
    0.0000000000           0.0000000000
    0.0000264617           0.0000418396
    0.0000132308           0.0000295851
    0.0000000000           0.0000000000
    0.0000132308           0.0000295851
    0.0000132308           0.0000295851
    0.0000132308           0.0000295851
    0.0000132308           0.0000295851
    0.0000264617           0.0000418396
    0.0000396925           0.0000512429
    0.0000264617           0.0000418396
    0.0000132308           0.0000295851
    0.0000396925           0.0000512429
    0.0000000000           0.0000000000
    0.0000132308           0.0000295851
    0.0000396925           0.0000512429
    0.0000264617           0.0000418396
    0.0000396925           0.0000512429
    0.0000264617           0.0000418396
    0.0000000000           0.0000000000
    0.0000264617           0.0000418396
    0.0000264617           0.0000418396
    0.0000000000           0.0000000000
    0.0000000000           0.0000000000
    0.0000264617           0.0000418396
    0.0000264617           0.0000418396
    0.0000264617           0.0000418396
    0.0000264617           0.0000418396
    0.0000132308           0.0000295851
    0.0000264617           0.0000418396
    0.0000132308           0.0000295851
    0.0000132308           0.0000295851
    0.0000132308           0.0000295851
    0.0000264617           0.0000418396
    0.0000000000           0.0000000000
    0.0000132308           0.0000295851
    0.0000132308           0.0000295851
    0.0000132308           0.0000295851
    0.0000132308           0.0000295851
    0.0000396925           0.0000512429
    0.0000000000           0.0000000000
    0.0000000000           0.0000000000
    0.0000264617           0.0000418396
    0.0000132308           0.0000295851
    0.0000000000           0.0000000000
    0.0000000000           0.0000000000
    0.0000396925           0.0000512429
    0.0000132308           0.0000295851
    0.0000132308           0.0000295851
    0.0000000000           0.0000000000
    0.0000000000           0.0000000000
    0.0000264617           0.0000418396
    0.0000264617           0.0000418396
    0.0000000000           0.0000000000
    0.0000000000           0.0000000000
    0.0000000000           0.0000000000
    0.0000132308           0.0000295851
    0.0000000000           0.0000000000
    0.0000000000           0.0000000000
    0.0000132308           0.0000295851
    0.0000132308           0.0000295851
    0.0000000000           0.0000000000
    0.0000000000           0.0000000000
    0.0000000000           0.0000000000
    0.0000000000           0.0000000000
    0.0000000000           0.0000000000
    0.0000000000           0.0000000000
    0.0000000000           0.0000000000
    0.0000000000           0.0000000000
    0.0000000000           0.0000000000
    0.0000264617           0.0000418396
    0.0000000000           0.0000000000
    0.0000000000           0.0000000000
    0.0000000000           0.0000000000
    0.0000000000           0.0000000000
    0.0000000000           0.0000000000
    0.0000000000           0.0000000000
    0.0000000000           0.0000000000
    0.0000132308           0.0000295851
    0.0000000000           0.0000000000
    0.0000000000           0.0000000000
    0.0000000000           0.0000000000
    0.0000000000           0.0000000000
    0.0000000000           0.0000000000
    0.0000396925           0.0000512429
    0.0000000000           0.0000000000
    0.0000132308           0.0000295851
    0.0000000000           0.0000000000
    0.0000132308           0.0000295851
    0.0000000000           0.0000000000
    0.0000132308           0.0000295851
    0.0000000000           0.0000000000
    0.0000000000           0.0000000000
    0.0000264617           0.0000418396
    0.0000000000           0.0000000000
    0.0000000000           0.0000000000
    0.0000000000           0.0000000000
    0.0000000000           0.0000000000
    0.0000000000           0.0000000000
    0.0000132308           0.0000295851
    0.0000000000           0.0000000000
    0.0000000000           0.0000000000
    0.0000000000           0.0000000000
    0.0000000000           0.0000000000
    0.0000000000           0.0000000000
    0.0000000000           0.0000000000
    0.0000132308           0.0000295851
    0.0000000000           0.0000000000
    0.0000000000           0.0000000000
    0.0000000000           0.0000000000
    0.0000000000           0.0000000000
    0.0000000000           0.0000000000
    0.0000000000           0.0000000000
    0.0000000000           0.0000000000
    0.0000000000           0.0000000000
    0.0000000000           0.0000000000
    0.0000000000           0.0000000000
    0.0000132308           0.0000295851
    0.0000000000           0.0000000000
    0.0000000000           0.0000000000
    0.0000000000           0.0000000000
    0.0000000000           0.0000000000
    0.0000000000           0.0000000000
    0.0000132308           0.0000295851
    0.0000000000           0.0000000000
    0.0000000000           0.0000000000
    0.0000000000           0.0000000000
    0.0000132308           0.0000295851
    0.0000132308           0.0000295851
    0.0000000000           0.0000000000
    0.0000000000           0.0000000000
    0.0000000000           0.0000000000
    0.0000000000           0.0000000000
    0.0000000000           0.0000000000
    0.0000132308           0.0000295851
    0.0000132308           0.0000295851
    0.0000000000           0.0000000000
    0.0000132308           0.0000295851
    0.0000132308           0.0000295851
    0.0000000000           0.0000000000
    0.0000000000           0.0000000000
    0.0000000000           0.0000000000
    0.0000000000           0.0000000000
    0.0000000000           0.0000000000
    0.0000000000           0.0000000000
    0.0000000000           0.0000000000
    0.0000132308           0.0000295851
    0.0000132308           0.0000295851
    0.0000000000           0.0000000000
    0.0000000000           0.0000000000
    0.0000000000           0.0000000000
    0.0000132308           0.0000295851
    0.0000000000           0.0000000000
    0.0000000000           0.0000000000
    0.0000000000           0.0000000000
    0.0000264617           0.0000418396
    0.0000132308           0.0000295851
    0.0000000000           0.0000000000
    0.0000000000           0.0000000000
    0.0000000000           0.0000000000
    0.0000132308           0.0000295851
    0.0000000000           0.0000000000
    0.0000000000           0.0000000000
    0.0000000000           0.0000000000
    0.0000000000           0.0000000000
    0.0000000000           0.0000000000
    0.0000132308           0.0000295851
    0.0000000000           0.0000000000
    0.0000000000           0.0000000000
    0.0000000000           0.0000000000
    0.0000000000           0.0000000000
    0.0000000000           0.0000000000
    0.0000000000           0.0000000000
    0.0000000000           0.0000000000
    0.0000000000           0.0000000000
    0.0000000000           0.0000000000
    0.0000000000           0.0000000000
    0.0000000000           0.0000000000
    0.0000000000           0.0000000000
    0.0000000000           0.0000000000
    0.0000000000           0.0000000000
    0.0000000000           0.0000000000
    0.0000000000           0.0000000000
    0.0000132308           0.0000295851
    0.0000000000           0.0000000000
    0.0000132308           0.0000295851
    0.0000000000           0.0000000000
    0.0000000000           0.0000000000
    0.0000000000           0.0000000000
    0.0000132308           0.0000295851
    0.0000000000           0.0000000000
    0.0000000000           0.0000000000
    0.0000000000           0.0000000000
    0.0000000000           0.0000000000
    0.0000000000           0.0000000000
    0.0000000000           0.0000000000
    0.0000000000           0.0000000000
    0.0000000000           0.0000000000
    0.0000000000           0.0000000000
    0.0000000000           0.0000000000
    0.0000000000           0.0000000000
    0.0000000000           0.0000000000
    0.0000000000           0.0000000000
    0.0000000000           0.0000000000
    0.0000000000           0.0000000000
    0.0000000000           0.0000000000
    0.0000000000           0.0000000000
    0.0000000000           0.0000000000
    0.0000000000           0.0000000000
    0.0000000000           0.0000000000
    0.0000000000           0.0000000000
    0.0000000000           0.0000000000
    0.0000000000           0.0000000000
    0.0000000000           0.0000000000
    0.0000000000           0.0000000000
    0.0000000000           0.0000000000
    0.0000132308           0.0000295851
    0.0000000000           0.0000000000
    0.0000264617           0.0000418396
    0.0000000000           0.0000000000
    0.0000000000           0.0000000000
    0.0000000000           0.0000000000
    0.0000000000           0.0000000000
    0.0000000000           0.0000000000
    0.0000000000           0.0000000000
    0.0000000000           0.0000000000
    0.0000000000           0.0000000000
    0.0000000000           0.0000000000
    0.0000000000           0.0000000000
    0.0000132308           0.0000295851
    0.0000000000           0.0000000000
    0.0000000000           0.0000000000
    0.0000000000           0.0000000000
    0.0000000000           0.0000000000
    0.0000000000           0.0000000000
    0.0000000000           0.0000000000
    0.0000000000           0.0000000000
    0.0000000000           0.0000000000
    0.0000000000           0.0000000000
    0.0000264617           0.0000418396
    0.0000000000           0.0000000000
    0.0000000000           0.0000000000
    0.0000000000           0.0000000000
    0.0000000000           0.0000000000
    0.0000000000           0.0000000000
    0.0000000000           0.0000000000
    0.0000000000           0.0000000000
    0.0000000000           0.0000000000
    0.0000132308           0.0000295851
    0.0000132308           0.0000295851
    0.0000000000           0.0000000000
    0.0000000000           0.0000000000
    0.0000132308           0.0000295851
    0.0000000000           0.0000000000
    0.0000000000           0.0000000000
    0.0000000000           0.0000000000
    0.0000132308           0.0000295851
    0.0000000000           0.0000000000
    0.0000132308           0.0000295851
    0.0000000000           0.0000000000
    0.0000000000           0.0000000000
    0.0000132308           0.0000295851
    0.0000000000           0.0000000000
    0.0000000000           0.0000000000
    0.0000132308           0.0000295851
    0.0000000000           0.0000000000
    0.0000000000           0.0000000000
    0.0000132308           0.0000295851
    0.0000000000           0.0000000000
    0.0000000000           0.0000000000
    0.0000000000           0.0000000000
    0.0000000000           0.0000000000
    0.0000000000           0.0000000000
    0.0000264617           0.0000418396
    0.0000000000           0.0000000000
    0.0000000000           0.0000000000
    0.0000000000           0.0000000000
    0.0000132308           0.0000295851
    0.0000000000           0.0000000000
    0.0000000000           0.0000000000
    0.0000000000           0.0000000000
    0.0000000000           0.0000000000
    0.0000000000           0.0000000000
    0.0000132308           0.0000295851
    0.0000000000           0.0000000000
    0.0000000000           0.0000000000
    0.0000000000           0.0000000000
    0.0000000000           0.0000000000
    0.0000000000           0.0000000000
    0.0000132308           0.0000295851
    0.0000132308           0.0000295851
    0.0000264617           0.0000418396
    0.0000000000           0.0000000000
    0.0000132308           0.0000295851
    0.0000000000           0.0000000000
    0.0000000000           0.0000000000
    0.0000000000           0.0000000000
    0.0000000000           0.0000000000
    0.0000000000           0.0000000000
    0.0000000000           0.0000000000
    0.0000000000           0.0000000000
    0.0000132308           0.0000295851
    0.0000000000           0.0000000000
    0.0000000000           0.0000000000
    0.0000000000           0.0000000000
    0.0000000000           0.0000000000
    0.0000000000           0.0000000000
    0.0000000000           0.0000000000
    0.0000000000           0.0000000000
    0.0000000000           0.0000000000
    0.0000000000           0.0000000000
    0.0000000000           0.0000000000
    0.0000000000           0.0000000000
    0.0000132308           0.0000295851
    0.0000000000           0.0000000000
    0.0000000000           0.0000000000
    0.0000000000           0.0000000000
    0.0000132308           0.0000295851
    0.0000132308           0.0000295851
    0.0000132308           0.0000295851
    0.0000000000           0.0000000000
    0.0000000000           0.0000000000
    0.0000000000           0.0000000000
    0.0000000000           0.0000000000
    0.0000000000           0.0000000000
    0.0000000000           0.0000000000
    0.0000000000           0.0000000000
    0.0000000000           0.0000000000
    0.0000132308           0.0000295851
    0.0000000000           0.0000000000
    0.0000000000           0.0000000000
    0.0000132308           0.0000295851
    0.0000000000           0.0000000000
    0.0000000000           0.0000000000
    0.0000000000           0.0000000000
    0.0000000000           0.0000000000
    0.0000000000           0.0000000000
    0.0006615424           0.0002091981
