 1          1.96
 1          4.07
 1          6.18
 1          8.30
 1         10.41
 1         12.52
 1         14.63
 1         16.75
 1         18.86
 1         20.97
 1         23.09
 1         25.20
 1         27.31
 1         29.43
 1         31.54
 1         33.65
 1         35.77
 1         37.88
 1         39.99
 1         42.11
 1         44.22
 1         46.33
 1         48.44
 1         50.56
 1         52.67
 1         54.78
 1         56.90
 1         59.01
 1         61.12
 1         63.24
 1         65.35
 1         67.46
 1         69.58
 1         71.69
 1         73.80
 1         75.91
 1         78.03
 1         80.14
 1         82.25
 1         84.37
 1         86.48
 1         88.59
 1         90.71
 1         92.82
 1         94.93
 1         97.05
 1         99.16
 1        101.27
 1        103.38
 1        105.50
 1        107.61
 1        109.72
 1        111.84
 1        113.95
 1        116.06
 1        118.18
 1        120.29
 1        122.40
 1        124.52
 1        126.63
 1        128.74
 1        130.85
 1        132.97
 1        135.08
 1        137.19
 1        139.31
 1        141.42
 1        143.53
 1        145.65
 1        147.76
 1        149.87
 1        151.99
 1        154.10
 1        156.21
 1        158.32
 1        160.44
 1        162.55
 1        164.66
 1        166.78
 1        168.89
 1        171.00
 1        173.12
 1        175.23
 1        177.34
 1        179.46
 1        181.57
 1        183.68
 1        185.80
 1        187.91
 1        190.02
 1        192.13
 1        194.25
 1        196.36
 1        198.47
 1        200.59
 1        202.70
 1        204.81
 1        206.93
 1        209.04
 1        211.15
 1        213.27
 1        215.38
 1        217.49
 1        219.60
 1        221.72
 1        223.83
 1        225.94
 1        228.06
 1        230.17
 1        232.28
 1        234.40
 1        236.51
 1        238.62
 1        240.74
 1        242.85
 1        244.96
 1        247.07
 1        249.19
 1        251.30
 1        253.41
 1        255.53
 1        257.64
 1        259.75
 1        261.87
 1        263.98
 1        266.09
 1        268.21
 1        270.32
 1        272.43
 1        274.54
 1        276.66
 1        278.77
 1        280.88
 1        283.00
 1        285.11
 1        287.22
 1        289.34
 1        291.45
 1        293.56
 1        295.68
 1        297.79
 1        299.90
 1        302.01
 1        304.13
 1        306.24
 1        308.35
 1        310.47
 1        312.58
 1        314.69
 1        316.81
 1        318.92
 1        321.03
 1        323.15
 1        325.26
 1        327.37
 1        329.48
 1        331.60
 1        333.71
 1        335.82
 1        337.94
 1        340.05
 1        342.16
 1        344.28
 1        346.39
 1        348.50
 1        350.62
 1        352.73
 1        354.84
 1        356.96
 1        359.07
 1        361.18
 1        363.29
 1        365.41
 1        367.52
 1        369.63
 1        371.75
 1        373.86
 1        375.97
 1        378.09
 1        380.20
 1        382.31
 1        384.43
 1        386.54
 1        388.65
 1        390.76
 1        392.88
 1        394.99
 1        397.10
 1        399.22
 1        401.33
 1        403.44
 1        405.56
 1        407.67
 1        409.78
 1        411.90
 1        414.01
 1        416.12
 1        418.23
 1        420.35
 1        422.46
 1        424.57
 1        426.69
 1        428.80
 1        430.91
 1        433.03
 1        435.14
 1        437.25
 1        439.37
 1        441.48
 1        443.59
 1        445.70
 1        447.82
 1        449.93
 1        452.04
 1        454.16
 0        456.27
 1        458.38
 1        460.50
 1        462.61
 1        464.72
 1        466.84
 1        468.95
 1        471.06
 1        473.17
 1        475.29
 1        477.40
 1        479.51
 1        481.63
 1        483.74
 0        485.85
 0        487.97
 0        490.08
 0        492.19
 0        494.31
 0        496.42
 0        498.53
 0        500.64
 0        502.76
 0        504.87
 0        506.98
 0        509.10
 0        511.21
 0        513.32
 0        515.44
 0        517.55
 0        519.66
 0        521.78
 0        523.89
 0        526.00
 0        528.12
 0        530.23
 0        532.34
 0        534.45
 0        536.57
 0        538.68
 0        540.79
 0        542.91
 0        545.02
 0        547.13
 0        549.25
 0        551.36
 0        553.47
 0        555.59
 0        557.70
 0        559.81
 0        561.92
 0        564.04
 0        566.15
 0        568.26
 0        570.38
 0        572.49
 0        574.60
 0        576.72
 0        578.83
 0        580.94
 0        583.06
 0        585.17
 0        587.28
 0        589.39
 0        591.51
 0        593.62
 0        595.73
 0        597.85
 0        599.96
 0        602.07
 0        604.19
 0        606.30
 0        608.41
 0        610.53
 0        612.64
 0        614.75
 0        616.86
 0        618.98
 0        621.09
 0        623.20
 0        625.32
 0        627.43
 0        629.54
 0        631.66
 0        633.77
 0        635.88
 0        638.00
 0        640.11
 0        642.22
 0        644.33
 0        646.45
 0        648.56
 0        650.67
 0        652.79
 0        654.90
 0        657.01
 0        659.13
 0        661.24
 0        663.35
 0        665.47
 0        667.58
 0        669.69
 0        671.81
 0        673.92
 0        676.03
 0        678.14
 0        680.26
 0        682.37
 0        684.48
 0        686.60
 0        688.71
 0        690.82
 0        692.94
 0        695.05
 0        697.16
 0        699.28
 0        701.39
 0        703.50
 0        705.61
 0        707.73
 0        709.84
 0        711.95
 0        714.07
 0        716.18
 0        718.29
 0        720.41
 0        722.52
 0        724.63
 0        726.75
 0        728.86
 0        730.97
 0        733.08
 0        735.20
 0        737.31
 0        739.42
 0        741.54
 0        743.65
 0        745.76
 0        747.88
 0        749.99
 0        752.10
 0        754.22
 0        756.33
 0        758.44
 0        760.55
 0        762.67
 0        764.78
 0        766.89
 0        769.01
 0        771.12
 0        773.23
 0        775.35
 0        777.46
 0        779.57
 0        781.69
 0        783.80
 0        785.91
 0        788.02
 0        790.14
 0        792.25
 0        794.36
 0        796.48
 0        798.59
 0        800.70
 0        802.82
 0        804.93
 0        807.04
 0        809.16
 0        811.27
 0        813.38
 0        815.49
 0        817.61
 0        819.72
 0        821.83
 0        823.95
 0        826.06
 0        828.17
 0        830.29
 0        832.40
 0        834.51
 0        836.63
 0        838.74
 0        840.85
 0        842.97
 0        845.08
 0        847.19
 0        849.30
 0        851.42
 0        853.53
 0        855.64
 0        857.76
 0        859.87
 0        861.98
 0        864.10
 0        866.21
 0        868.32
 0        870.44
 0        872.55
 0        874.66
 0        876.77
 0        878.89
 0        881.00
 0        883.11
 0        885.23
 0        887.34
 0        889.45
 0        891.57
 0        893.68
 0        895.79
 0        897.91
 0        900.02
 0        902.13
 0        904.24
 0        906.36
 0        908.47
 0        910.58
 0        912.70
 0        914.81
 0        916.92
 0        919.04
 0        921.15
 0        923.26
 0        925.38
 0        927.49
 0        929.60
 0        931.71
 0        933.83
 0        935.94
 0        938.05
 0        940.17
 0        942.28
 0        944.39
 0        946.51
 0        948.62
 0        950.73
 0        952.85
 0        954.96
 0        957.07
 0        959.18
 0        961.30
 0        963.41
 0        965.52
 0        967.64
 0        969.75
 0        971.86
 0        973.98
 0        976.09
 0        978.20
 0        980.32
 0        982.43
 0        984.54
 0        986.66
 0        988.77
 0        990.88
 0        992.99
 0        995.11
 0        997.22
 0        999.33
 0       1001.45
 0       1003.56
 0       1005.67
 0       1007.79
 0       1009.90
 0       1012.01
 0       1014.13
 0       1016.24
 0       1018.35
 0       1020.46
 0       1022.58
 0       1024.69
 0       1026.80
 0       1028.92
 0       1031.03
 0       1033.14
 0       1035.26
 0       1037.37
 0       1039.48
 0       1041.60
 0       1043.71
 0       1045.82
 0       1047.93
 0       1050.05
 0       1052.16
 0       1054.27
 0       1056.39
 0       1058.50
 0       1060.61
 0       1062.73
 0       1064.84
 0       1066.95
 0       1069.07
 0       1071.18
 0       1073.29
 0       1075.40
 0       1077.52
 0       1079.63
 0       1081.74
 0       1083.86
 0       1085.97
 0       1088.08
 0       1090.20
 0       1092.31
 0       1094.42
 0       1096.54
 0       1098.65
 0       1100.76
 0       1102.87
 0       1104.99
 0       1107.10
 0       1109.21
 0       1111.33
 0       1113.44
 0       1115.55
 0       1117.67
 0       1119.78
 0       1121.89
 0       1124.01
 0       1126.12
 0       1128.23
 0       1130.34
 0       1132.46
 0       1134.57
 0       1136.68
 0       1138.80
 0       1140.91
 0       1143.02
 0       1145.14
 0       1147.25
 0       1149.36
 0       1151.48
 0       1153.59
 0       1155.70
 0       1157.82
 0       1159.93
 0       1162.04
 0       1164.15
 0       1166.27
 0       1168.38
 0       1170.49
 0       1172.61
 0       1174.72
 0       1176.83
 0       1178.95
 0       1181.06
 0       1183.17
 0       1185.29
 0       1187.40
 0       1189.51
 0       1191.62
 0       1193.74
 0       1195.85
 0       1197.96
 0       1200.08
 0       1202.19
 0       1204.30
 0       1206.42
 0       1208.53
 0       1210.64
 0       1212.76
 0       1214.87
 0       1216.98
 0       1219.09
 0       1221.21
 0       1223.32
 0       1225.43
 0       1227.55
 0       1229.66
 0       1231.77
 0       1233.89
 0       1236.00
 0       1238.11
 0       1240.23
 0       1242.34
 0       1244.45
 0       1246.56
 0       1248.68
 0       1250.79
 0       1252.90
 0       1255.02
 0       1257.13
 0       1259.24
 0       1261.36
 0       1263.47
 0       1265.58
 0       1267.70
 0       1269.81
 0       1271.92
 0       1274.03
 0       1276.15
 0       1278.26
 0       1280.37
 0       1282.49
 0       1284.60
 0       1286.71
 0       1288.83
 0       1290.94
 0       1293.05
 0       1295.17
 0       1297.28
 0       1299.39
 0       1301.51
 0       1303.62
 0       1305.73
 0       1307.84
 0       1309.96
 0       1312.07
 0       1314.18
 0       1316.30
 0       1318.41
 0       1320.52
 0       1322.64
 0       1324.75
 0       1326.86
 0       1328.98
 0       1331.09
 0       1333.20
 0       1335.31
 0       1337.43
 0       1339.54
 0       1341.65
 0       1343.77
 0       1345.88
 0       1347.99
 0       1350.11
 0       1352.22
 0       1354.33
 0       1356.45
 0       1358.56
 0       1360.67
 0       1362.78
 0       1364.90
 0       1367.01
 0       1369.12
 0       1371.24
 0       1373.35
 0       1375.46
 0       1377.58
 0       1379.69
 0       1381.80
 0       1383.92
 0       1386.03
 0       1388.14
 0       1390.25
 0       1392.37
 0       1394.48
 0       1396.59
 0       1398.71
 0       1400.82
 0       1402.93
 0       1405.05
 0       1407.16
 0       1409.27
 0       1411.39
 0       1413.50
 0       1415.61
 0       1417.72
 0       1419.84
 0       1421.95
 0       1424.06
 0       1426.18
 0       1428.29
 0       1430.40
 0       1432.52
 0       1434.63
 0       1436.74
 0       1438.86
 0       1440.97
 0       1443.08
 0       1445.19
 0       1447.31
 0       1449.42
 0       1451.53
 0       1453.65
 0       1455.76
 0       1457.87
 0       1459.99
 0       1462.10
 0       1464.21
 0       1466.33
 0       1468.44
 0       1470.55
 0       1472.67
 0       1474.78
 0       1476.89
 0       1479.00
 0       1481.12
 0       1483.23
 0       1485.34
 0       1487.46
 0       1489.57
 0       1491.68
 0       1493.80
 0       1495.91
 0       1498.02
 0       1500.14
 0       1502.25
 0       1504.36
 0       1506.47
 0       1508.59
 0       1510.70
 0       1512.81
 0       1514.93
 0       1517.04
 0       1519.15
 0       1521.27
 0       1523.38
 0       1525.49
 0       1527.61
 0       1529.72
 0       1531.83
 0       1533.94
 0       1536.06
 0       1538.17
 0       1540.28
 0       1542.40
 0       1544.51
 0       1546.62
 0       1548.74
 0       1550.85
 0       1552.96
 0       1555.08
 0       1557.19
 0       1559.30
 0       1561.41
 0       1563.53
 0       1565.64
 0       1567.75
 0       1569.87
 0       1571.98
 0       1574.09
 0       1576.21
 0       1578.32
 0       1580.43
 0       1582.55
 0       1584.66
 0       1586.77
 0       1588.88
 0       1591.00
 0       1593.11
 0       1595.22
 0       1597.34
 0       1599.45
 0       1601.56
 0       1603.68
 0       1605.79
 0       1607.90
 0       1610.02
 0       1612.13
 0       1614.24
 0       1616.35
 0       1618.47
 0       1620.58
 0       1622.69
 0       1624.81
 0       1626.92
 0       1629.03
 0       1631.15
 0       1633.26
 0       1635.37
 0       1637.49
 0       1639.60
 0       1641.71
 0       1643.83
 0       1645.94
 0       1648.05
 0       1650.16
 0       1652.28
 0       1654.39
 0       1656.50
 0       1658.62
 0       1660.73
 0       1662.84
 0       1664.96
 0       1667.07
 0       1669.18
 0       1671.30
 0       1673.41
 0       1675.52
 0       1677.63
 0       1679.75
 0       1681.86
 0       1683.97
 0       1686.09
 0       1688.20
 0       1690.31
 0       1692.43
 0       1694.54
 0       1696.65
 0       1698.77
 0       1700.88
 0       1702.99
 0       1705.10
 0       1707.22
 0       1709.33
 0       1711.44
 0       1713.56
 0       1715.67
 0       1717.78
 0       1719.90
 0       1722.01
 0       1724.12
 0       1726.24
 0       1728.35
 0       1730.46
 0       1732.57
 0       1734.69
 0       1736.80
 0       1738.91
 0       1741.03
 0       1743.14
 0       1745.25
 0       1747.37
 0       1749.48
 0       1751.59
 0       1753.71
 0       1755.82
 0       1757.93
 0       1760.04
 0       1762.16
 0       1764.27
 0       1766.38
 0       1768.50
 0       1770.61
 0       1772.72
 0       1774.84
 0       1776.95
 0       1779.06
 0       1781.18
 0       1783.29
 0       1785.40
 0       1787.52
 0       1789.63
 0       1791.74
 0       1793.85
 0       1795.97
 0       1798.08
 0       1800.19
 0       1802.31
 0       1804.42
 0       1806.53
 0       1808.65
 0       1810.76
 0       1812.87
 0       1814.99
 0       1817.10
 0       1819.21
 0       1821.32
 0       1823.44
 0       1825.55
 0       1827.66
 0       1829.78
 0       1831.89
 0       1834.00
 0       1836.12
 0       1838.23
 0       1840.34
 0       1842.46
 0       1844.57
 0       1846.68
 0       1848.79
 0       1850.91
 0       1853.02
 0       1855.13
 0       1857.25
 0       1859.36
 0       1861.47
 0       1863.59
 0       1865.70
 0       1867.81
 0       1869.93
 0       1872.04
 0       1874.15
 0       1876.26
 0       1878.38
 0       1880.49
 0       1882.60
 0       1884.72
 0       1886.83
 0       1888.94
 0       1891.06
 0       1893.17
 0       1895.28
 0       1897.40
 0       1899.51
 0       1901.62
 0       1903.73
 0       1905.85
 0       1907.96
 0       1910.07
 0       1912.19
 0       1914.30
 0       1916.41
 0       1918.53
 0       1920.64
 0       1922.75
 0       1924.87
 0       1926.98
 0       1929.09
 0       1931.21
 0       1933.32
 0       1935.43
 0       1937.54
 0       1939.66
 0       1941.77
 0       1943.88
 0       1946.00
 0       1948.11
 0       1950.22
 0       1952.34
 0       1954.45
 0       1956.56
 0       1958.68
 0       1960.79
 0       1962.90
 0       1965.01
 0       1967.13
 0       1969.24
 0       1971.35
 0       1973.47
 0       1975.58
 0       1977.69
 0       1979.81
 0       1981.92
 0       1984.03
 0       1986.15
 0       1988.26
 0       1990.37
 0       1992.48
 0       1994.60
 0       1996.71
 0       1998.82
 0       2000.94
 0       2003.05
 0       2005.16
 0       2007.28
 0       2009.39
 0       2011.50
 0       2013.62
 0       2015.73
 0       2017.84
 0       2019.95
 0       2022.07
 0       2024.18
 0       2026.29
 0       2028.41
 0       2030.52
 0       2032.63
 0       2034.75
 0       2036.86
 0       2038.97
 0       2041.09
 0       2043.20
 0       2045.31
 0       2047.42
 0       2049.54
 0       2051.65
 0       2053.76
 0       2055.88
 0       2057.99
 0       2060.10
 0       2062.22
 0       2064.33
 0       2066.44
 0       2068.56
 0       2070.67
 0       2072.78
 0       2074.90
 0       2077.01
 0       2079.12
 0       2081.23
 0       2083.35
 0       2085.46
 0       2087.57
 0       2089.69
 0       2091.80
 0       2093.91
 0       2096.03
 0       2098.14
 0       2100.25
 0       2102.36
 0       2104.48
 0       2106.59
 0       2108.70
 0       2110.82
 0       2112.93
 0       2115.04
 0       2117.16
 0       2119.27
