    0.0000868160           0.0000014119
    0.0001258107           0.0000016997
    0.0001738892           0.0000019982
    0.0002596903           0.0000024419
    0.0003007746           0.0000026280
    0.0003232547           0.0000027245
    0.0003487750           0.0000028300
    0.0003801462           0.0000029545
    0.0004196690           0.0000031043
    0.0004657223           0.0000032702
    0.0005185173           0.0000034506
    0.0005799691           0.0000036493
    0.0006454623           0.0000038498
    0.0007130911           0.0000040465
    0.0007880585           0.0000042539
    0.0008496940           0.0000044171
    0.0009150356           0.0000045838
    0.0009592795           0.0000046933
    0.0009967586           0.0000047841
    0.0010263709           0.0000048547
    0.0010360288           0.0000048775
    0.0010373882           0.0000048807
    0.0010433538           0.0000048947
    0.0010503436           0.0000049110
    0.0010720798           0.0000049616
    0.0010897240           0.0000050023
    0.0011252789           0.0000050832
    0.0011536052           0.0000051468
    0.0011859683           0.0000052185
    0.0012133716           0.0000052784
    0.0012539920           0.0000053661
    0.0012885411           0.0000054395
    0.0013210053           0.0000055076
    0.0013473247           0.0000055622
    0.0013891668           0.0000056479
    0.0014227469           0.0000057157
    0.0014445381           0.0000057593
    0.0014586829           0.0000057875
    0.0014797164           0.0000058290
    0.0014848784           0.0000058392
    0.0014905225           0.0000058503
    0.0014913905           0.0000058520
    0.0014829771           0.0000058355
    0.0014737553           0.0000058173
    0.0014492363           0.0000057687
    0.0014139661           0.0000056981
    0.0013855892           0.0000056406
    0.0013434120           0.0000055541
    0.0013124588           0.0000054897
    0.0012804813           0.0000054224
    0.0012442146           0.0000053451
    0.0012241731           0.0000053019
    0.0011846594           0.0000052156
    0.0011580875           0.0000051568
    0.0011358599           0.0000051071
    0.0011193822           0.0000050699
    0.0011054532           0.0000050382
    0.0010867527           0.0000049954
    0.0010783392           0.0000049761
    0.0010732049           0.0000049642
    0.0010652599           0.0000049458
    0.0010464721           0.0000049020
    0.0010424996           0.0000048927
    0.0010286442           0.0000048600
    0.0010238956           0.0000048488
    0.0010100079           0.0000048158
    0.0009974475           0.0000047858
    0.0009907058           0.0000047696
    0.0009751603           0.0000047320
    0.0009557432           0.0000046847
    0.0009459889           0.0000046607
    0.0009308062           0.0000046231
    0.0009211712           0.0000045992
    0.0009023696           0.0000045520
    0.0008904476           0.0000045218
    0.0008774325           0.0000044886
    0.0008600592           0.0000044440
    0.0008417491           0.0000043964
    0.0008246421           0.0000043515
    0.0008053124           0.0000043002
    0.0007873190           0.0000042519
    0.0007717184           0.0000042096
    0.0007622580           0.0000041837
    0.0007395344           0.0000041209
    0.0007241864           0.0000040779
    0.0007037453           0.0000040199
    0.0006885443           0.0000039763
    0.0006720343           0.0000039283
    0.0006601766           0.0000038935
    0.0006460180           0.0000038515
    0.0006352073           0.0000038191
    0.0006289065           0.0000038002
    0.0006149638           0.0000037578
    0.0006051818           0.0000037278
    0.0005972322           0.0000037032
    0.0005889244           0.0000036774
    0.0005802217           0.0000036501
    0.0005749863           0.0000036336
    0.0005714593           0.0000036224
    0.0005653605           0.0000036031
    0.0005600745           0.0000035862
    0.0005554867           0.0000035715
    0.0005469768           0.0000035440
    0.0005441019           0.0000035347
    0.0005419802           0.0000035278
    0.0005366254           0.0000035103
    0.0005283681           0.0000034832
    0.0005198537           0.0000034550
    0.0005077617           0.0000034146
    0.0004928316           0.0000033640
    0.0004855847           0.0000033392
    0.0004698188           0.0000032845
    0.0004567945           0.0000032387
    0.0004439953           0.0000031930
    0.0004326887           0.0000031521
    0.0004248079           0.0000031232
    0.0004092395           0.0000030655
    0.0003986401           0.0000030255
    0.0003890418           0.0000029889
    0.0003785802           0.0000029484
    0.0003728350           0.0000029259
    0.0003654824           0.0000028970
    0.0003592091           0.0000028720
    0.0003546718           0.0000028538
    0.0003448026           0.0000028138
    0.0003418175           0.0000028016
    0.0003356957           0.0000027764
    0.0003299184           0.0000027524
    0.0003257117           0.0000027348
    0.0003201777           0.0000027115
    0.0003133579           0.0000026824
    0.0003112087           0.0000026732
    0.0003068825           0.0000026546
    0.0002999755           0.0000026245
    0.0002957183           0.0000026058
    0.0002888341           0.0000025753
    0.0002864552           0.0000025647
    0.0002804667           0.0000025377
    0.0002753828           0.0000025146
    0.0002691554           0.0000024860
    0.0002630888           0.0000024579
    0.0002551116           0.0000024203
    0.0002529302           0.0000024100
    0.0002459956           0.0000023767
    0.0002434973           0.0000023646
    0.0002374766           0.0000023352
    0.0002342297           0.0000023192
    0.0002320253           0.0000023082
    0.0002285672           0.0000022909
    0.0002249759           0.0000022729
    0.0002231986           0.0000022639
    0.0002217244           0.0000022564
    0.0002221790           0.0000022587
    0.0002204201           0.0000022497
    0.0002194236           0.0000022447
    0.0002185648           0.0000022403
    0.0002159012           0.0000022266
    0.0002161859           0.0000022280
    0.0002149872           0.0000022218
    0.0002102708           0.0000021973
    0.0002102616           0.0000021973
    0.0002073546           0.0000021821
    0.0002039010           0.0000021638
    0.0002043603           0.0000021662
    0.0001972328           0.0000021281
    0.0001946105           0.0000021139
    0.0001899721           0.0000020886
    0.0001835656           0.0000020531
    0.0001808514           0.0000020378
    0.0001742199           0.0000020001
    0.0001711521           0.0000019824
    0.0001673496           0.0000019603
    0.0001612875           0.0000019245
    0.0001578386           0.0000019038
    0.0001541187           0.0000018812
    0.0001491909           0.0000018509
    0.0001469682           0.0000018370
    0.0001425916           0.0000018095
    0.0001399876           0.0000017929
    0.0001386650           0.0000017844
    0.0001377924           0.0000017788
    0.0001342470           0.0000017557
    0.0001319692           0.0000017408
    0.0001288509           0.0000017201
    0.0001281712           0.0000017155
    0.0001262286           0.0000017025
    0.0001257188           0.0000016991
    0.0001239829           0.0000016873
    0.0001216591           0.0000016714
    0.0001198451           0.0000016589
    0.0001190460           0.0000016534
    0.0001171860           0.0000016404
    0.0001171493           0.0000016401
    0.0001140953           0.0000016186
    0.0001139024           0.0000016172
    0.0001120103           0.0000016038
    0.0001112526           0.0000015983
    0.0001114041           0.0000015994
    0.0001086716           0.0000015797
    0.0001060034           0.0000015602
    0.0001062697           0.0000015621
    0.0001043914           0.0000015482
    0.0001040837           0.0000015460
    0.0001035648           0.0000015421
    0.0001021227           0.0000015313
    0.0001006210           0.0000015200
    0.0000993443           0.0000015104
    0.0000991606           0.0000015090
    0.0000981411           0.0000015012
    0.0000965061           0.0000014886
    0.0000960056           0.0000014848
    0.0000953213           0.0000014795
    0.0000952019           0.0000014785
    0.0000935532           0.0000014657
    0.0000938609           0.0000014681
    0.0000906921           0.0000014431
    0.0000916519           0.0000014507
    0.0000901042           0.0000014384
    0.0000896128           0.0000014345
    0.0000895715           0.0000014341
    0.0000882075           0.0000014232
    0.0000875141           0.0000014176
    0.0000880284           0.0000014217
    0.0000852087           0.0000013988
    0.0000844463           0.0000013925
    0.0000857781           0.0000014034
    0.0000841111           0.0000013897
    0.0000840330           0.0000013891
    0.0000835692           0.0000013853
    0.0000825450           0.0000013767
    0.0000824210           0.0000013757
    0.0000819342           0.0000013716
    0.0000816862           0.0000013696
    0.0000807861           0.0000013620
    0.0000801340           0.0000013565
    0.0000815025           0.0000013680
    0.0000811948           0.0000013654
    0.0000793349           0.0000013497
    0.0000793487           0.0000013498
    0.0000793028           0.0000013494
    0.0000796380           0.0000013523
    0.0000783797           0.0000013416
    0.0000774704           0.0000013338
    0.0000779663           0.0000013380
    0.0000761523           0.0000013224
    0.0000752063           0.0000013141
    0.0000756426           0.0000013179
    0.0000720512           0.0000012863
    0.0000727814           0.0000012928
    0.0000723681           0.0000012891
    0.0000706368           0.0000012736
    0.0000714588           0.0000012810
    0.0000687079           0.0000012561
    0.0000676654           0.0000012465
    0.0000673623           0.0000012437
    0.0000657274           0.0000012285
    0.0000666046           0.0000012367
    0.0000648135           0.0000012199
    0.0000655208           0.0000012266
    0.0000649008           0.0000012208
    0.0000644874           0.0000012169
    0.0000643313           0.0000012154
    0.0000636287           0.0000012087
    0.0000650937           0.0000012226
    0.0000648686           0.0000012205
    0.0000653830           0.0000012253
    0.0000650385           0.0000012221
    0.0000662004           0.0000012329
    0.0000656080           0.0000012274
    0.0000665127           0.0000012358
    0.0000665816           0.0000012365
    0.0000669352           0.0000012398
    0.0000676700           0.0000012465
    0.0000678629           0.0000012483
    0.0000689881           0.0000012586
    0.0000707791           0.0000012749
    0.0000698193           0.0000012662
    0.0000697826           0.0000012658
    0.0000707470           0.0000012746
    0.0000697872           0.0000012659
    0.0000707883           0.0000012749
    0.0000709445           0.0000012763
    0.0000714542           0.0000012809
    0.0000720053           0.0000012859
    0.0000693647           0.0000012621
    0.0000708021           0.0000012751
    0.0000704668           0.0000012720
    0.0000690799           0.0000012595
    0.0000691993           0.0000012605
    0.0000680374           0.0000012499
    0.0000674129           0.0000012442
    0.0000665587           0.0000012363
    0.0000643221           0.0000012153
    0.0000635873           0.0000012084
    0.0000613416           0.0000011868
    0.0000599731           0.0000011735
    0.0000590729           0.0000011647
    0.0000579478           0.0000011535
    0.0000558215           0.0000011322
    0.0000546136           0.0000011198
    0.0000532221           0.0000011055
    0.0000507743           0.0000010798
    0.0000509810           0.0000010820
    0.0000482163           0.0000010522
    0.0000474127           0.0000010434
    0.0000459752           0.0000010275
    0.0000457364           0.0000010248
    0.0000450338           0.0000010169
    0.0000430452           0.0000009942
    0.0000429809           0.0000009934
    0.0000428064           0.0000009914
    0.0000414792           0.0000009759
    0.0000408638           0.0000009687
    0.0000410521           0.0000009709
    0.0000400831           0.0000009594
    0.0000409970           0.0000009703
    0.0000396606           0.0000009543
    0.0000397340           0.0000009552
    0.0000398443           0.0000009565
    0.0000383609           0.0000009385
    0.0000393161           0.0000009502
    0.0000382002           0.0000009366
    0.0000380073           0.0000009342
    0.0000379154           0.0000009331
    0.0000390314           0.0000009467
    0.0000377593           0.0000009312
    0.0000378787           0.0000009326
    0.0000366203           0.0000009170
    0.0000365790           0.0000009165
    0.0000362254           0.0000009120
    0.0000367673           0.0000009188
    0.0000370153           0.0000009219
    0.0000359636           0.0000009087
    0.0000354263           0.0000009019
    0.0000360509           0.0000009098
    0.0000356238           0.0000009044
    0.0000349762           0.0000008962
    0.0000353345           0.0000009008
    0.0000363907           0.0000009141
    0.0000353161           0.0000009005
    0.0000353528           0.0000009010
    0.0000347834           0.0000008937
    0.0000353896           0.0000009015
    0.0000354309           0.0000009020
    0.0000343884           0.0000008886
    0.0000348752           0.0000008949
    0.0000342047           0.0000008862
    0.0000345078           0.0000008902
    0.0000345905           0.0000008912
    0.0000336031           0.0000008784
    0.0000339383           0.0000008828
    0.0000336812           0.0000008794
    0.0000346502           0.0000008920
    0.0000335112           0.0000008772
    0.0000332449           0.0000008737
    0.0000336674           0.0000008793
    0.0000330520           0.0000008712
    0.0000327168           0.0000008667
    0.0000326570           0.0000008660
    0.0000326111           0.0000008653
    0.0000327948           0.0000008678
    0.0000330153           0.0000008707
    0.0000322805           0.0000008610
    0.0000328729           0.0000008688
    0.0000314860           0.0000008503
    0.0000320049           0.0000008573
    0.0000323585           0.0000008620
    0.0000318074           0.0000008546
    0.0000313115           0.0000008479
    0.0000311002           0.0000008451
    0.0000317294           0.0000008536
    0.0000314171           0.0000008494
    0.0000313023           0.0000008478
    0.0000304940           0.0000008368
    0.0000299475           0.0000008293
    0.0000302047           0.0000008328
    0.0000303562           0.0000008349
    0.0000298419           0.0000008278
    0.0000295158           0.0000008233
    0.0000304527           0.0000008362
    0.0000294102           0.0000008218
    0.0000282345           0.0000008052
    0.0000283677           0.0000008071
    0.0000285927           0.0000008103
    0.0000283998           0.0000008075
    0.0000287856           0.0000008130
    0.0000279130           0.0000008006
    0.0000274859           0.0000007944
    0.0000271645           0.0000007898
    0.0000271966           0.0000007903
    0.0000275502           0.0000007954
    0.0000273665           0.0000007927
    0.0000265353           0.0000007806
    0.0000271782           0.0000007900
    0.0000262643           0.0000007766
    0.0000263929           0.0000007785
    0.0000258877           0.0000007710
    0.0000272517           0.0000007911
    0.0000257592           0.0000007691
    0.0000263332           0.0000007776
    0.0000257729           0.0000007693
    0.0000257821           0.0000007694
    0.0000257959           0.0000007696
    0.0000263975           0.0000007786
    0.0000254561           0.0000007645
    0.0000257913           0.0000007696
    0.0000255020           0.0000007652
    0.0000251897           0.0000007605
    0.0000256673           0.0000007677
    0.0000257040           0.0000007683
    0.0000254882           0.0000007650
    0.0000253412           0.0000007628
    0.0000250244           0.0000007580
    0.0000251897           0.0000007605
    0.0000254101           0.0000007639
    0.0000256168           0.0000007670
    0.0000255755           0.0000007663
    0.0000253550           0.0000007630
    0.0000260485           0.0000007734
    0.0000254882           0.0000007650
    0.0000256581           0.0000007676
    0.0000263608           0.0000007780
    0.0000260944           0.0000007741
    0.0000264205           0.0000007789
    0.0000258510           0.0000007705
    0.0000258326           0.0000007702
    0.0000267787           0.0000007842
    0.0000267006           0.0000007830
    0.0000266777           0.0000007827
    0.0000269440           0.0000007866
    0.0000268476           0.0000007852
    0.0000260852           0.0000007739
    0.0000268889           0.0000007858
    0.0000267282           0.0000007834
    0.0000274170           0.0000007934
    0.0000269440           0.0000007866
    0.0000260806           0.0000007739
    0.0000267603           0.0000007839
    0.0000266271           0.0000007819
    0.0000261357           0.0000007747
    0.0000263700           0.0000007781
    0.0000263057           0.0000007772
    0.0000260393           0.0000007733
    0.0000256535           0.0000007675
    0.0000253688           0.0000007632
    0.0000251713           0.0000007603
    0.0000254239           0.0000007641
    0.0000250933           0.0000007591
    0.0000251438           0.0000007598
    0.0000241105           0.0000007441
    0.0000249141           0.0000007564
    0.0000248544           0.0000007555
    0.0000245330           0.0000007506
    0.0000242023           0.0000007455
    0.0000242115           0.0000007456
    0.0000236053           0.0000007362
    0.0000235226           0.0000007349
    0.0000237752           0.0000007389
    0.0000232976           0.0000007314
    0.0000232287           0.0000007303
    0.0000237844           0.0000007390
    0.0000225352           0.0000007193
    0.0000226638           0.0000007214
    0.0000216627           0.0000007053
    0.0000223470           0.0000007163
    0.0000217775           0.0000007072
    0.0000228751           0.0000007248
    0.0000216397           0.0000007049
    0.0000213871           0.0000007008
    0.0000211851           0.0000006975
    0.0000208360           0.0000006917
    0.0000203355           0.0000006833
    0.0000201563           0.0000006803
    0.0000201288           0.0000006799
    0.0000197063           0.0000006727
    0.0000194124           0.0000006676
    0.0000195593           0.0000006702
    0.0000188659           0.0000006582
    0.0000186041           0.0000006536
    0.0000185765           0.0000006531
    0.0000180071           0.0000006430
    0.0000181816           0.0000006461
    0.0000180668           0.0000006441
    0.0000174514           0.0000006330
    0.0000175295           0.0000006344
    0.0000176167           0.0000006360
    0.0000169692           0.0000006242
    0.0000171575           0.0000006277
    0.0000164916           0.0000006154
    0.0000169554           0.0000006240
    0.0000170335           0.0000006254
    0.0000171758           0.0000006280
    0.0000169646           0.0000006241
    0.0000173641           0.0000006314
    0.0000167579           0.0000006203
    0.0000167074           0.0000006194
    0.0000166293           0.0000006179
    0.0000166569           0.0000006185
    0.0000168176           0.0000006214
    0.0000167579           0.0000006203
    0.0000166339           0.0000006180
    0.0000170472           0.0000006257
    0.0000171069           0.0000006268
    0.0000171391           0.0000006273
    0.0000175846           0.0000006354
    0.0000170335           0.0000006254
    0.0000167166           0.0000006196
    0.0000170472           0.0000006257
    0.0000166936           0.0000006191
    0.0000173182           0.0000006306
    0.0000170381           0.0000006255
    0.0000171253           0.0000006271
    0.0000167579           0.0000006203
    0.0000170656           0.0000006260
    0.0000178188           0.0000006397
    0.0000177683           0.0000006387
    0.0000176489           0.0000006366
    0.0000182505           0.0000006474
    0.0000179841           0.0000006426
    0.0000175019           0.0000006339
    0.0000180989           0.0000006447
    0.0000182505           0.0000006474
    0.0000181173           0.0000006450
    0.0000184020           0.0000006500
    0.0000185765           0.0000006531
    0.0000181724           0.0000006460
    0.0000183928           0.0000006499
    0.0000182459           0.0000006473
    0.0000180208           0.0000006433
    0.0000186592           0.0000006546
    0.0000188337           0.0000006576
    0.0000182183           0.0000006468
    0.0000182551           0.0000006474
    0.0000182321           0.0000006470
    0.0000181265           0.0000006452
    0.0000180530           0.0000006438
    0.0000183469           0.0000006491
    0.0000177177           0.0000006378
    0.0000175570           0.0000006349
    0.0000178326           0.0000006399
    0.0000177040           0.0000006376
    0.0000168773           0.0000006225
    0.0000171804           0.0000006281
    0.0000169416           0.0000006237
    0.0000169738           0.0000006243
    0.0000172998           0.0000006303
    0.0000168222           0.0000006215
    0.0000165467           0.0000006164
    0.0000161471           0.0000006089
    0.0000160461           0.0000006070
    0.0000159496           0.0000006052
    0.0000156328           0.0000005991
    0.0000157292           0.0000006010
    0.0000153113           0.0000005929
    0.0000153940           0.0000005945
    0.0000151046           0.0000005889
    0.0000148337           0.0000005836
    0.0000143607           0.0000005742
    0.0000146592           0.0000005802
    0.0000144341           0.0000005757
    0.0000143561           0.0000005742
    0.0000140484           0.0000005680
    0.0000138141           0.0000005632
    0.0000141540           0.0000005701
    0.0000139933           0.0000005668
    0.0000141494           0.0000005700
    0.0000139336           0.0000005656
    0.0000140943           0.0000005689
    0.0000137820           0.0000005626
    0.0000133136           0.0000005529
    0.0000135202           0.0000005572
    0.0000138233           0.0000005634
    0.0000134513           0.0000005558
    0.0000132539           0.0000005517
    0.0000128911           0.0000005441
    0.0000134927           0.0000005566
    0.0000131299           0.0000005491
    0.0000126339           0.0000005386
    0.0000122022           0.0000005293
    0.0000125788           0.0000005374
    0.0000123629           0.0000005328
    0.0000124594           0.0000005349
    0.0000122435           0.0000005302
    0.0000118991           0.0000005227
    0.0000121930           0.0000005291
    0.0000120828           0.0000005267
    0.0000114307           0.0000005123
    0.0000117797           0.0000005201
    0.0000114490           0.0000005127
    0.0000116235           0.0000005166
    0.0000113526           0.0000005106
    0.0000113021           0.0000005094
    0.0000112699           0.0000005087
    0.0000110908           0.0000005046
    0.0000105443           0.0000004921
    0.0000106499           0.0000004945
    0.0000101953           0.0000004838
    0.0000102779           0.0000004858
    0.0000099840           0.0000004788
    0.0000096993           0.0000004719
    0.0000099060           0.0000004769
    0.0000094743           0.0000004664
    0.0000100942           0.0000004814
    0.0000097590           0.0000004734
    0.0000096120           0.0000004698
    0.0000095569           0.0000004685
    0.0000092492           0.0000004609
    0.0000092263           0.0000004603
    0.0000088221           0.0000004501
    0.0000092676           0.0000004613
    0.0000087487           0.0000004482
    0.0000086476           0.0000004456
    0.0000084455           0.0000004404
    0.0000088267           0.0000004502
    0.0000088910           0.0000004518
    0.0000083675           0.0000004383
    0.0000083904           0.0000004389
    0.0000083261           0.0000004373
    0.0000085787           0.0000004438
    0.0000081792           0.0000004334
    0.0000080965           0.0000004312
    0.0000088497           0.0000004508
    0.0000086798           0.0000004464
    0.0000078393           0.0000004243
    0.0000079036           0.0000004260
    0.0000080001           0.0000004286
    0.0000079633           0.0000004276
    0.0000080047           0.0000004287
    0.0000080873           0.0000004309
    0.0000078945           0.0000004258
    0.0000081838           0.0000004335
    0.0000080414           0.0000004297
    0.0000081424           0.0000004324
    0.0000082021           0.0000004340
    0.0000081884           0.0000004336
    0.0000083399           0.0000004376
    0.0000080139           0.0000004290
    0.0000083170           0.0000004370
    0.0000083537           0.0000004380
    0.0000087073           0.0000004471
    0.0000086798           0.0000004464
    0.0000087578           0.0000004484
    0.0000089645           0.0000004537
    0.0000089783           0.0000004541
    0.0000087211           0.0000004475
    0.0000089966           0.0000004545
    0.0000093089           0.0000004623
    0.0000094283           0.0000004653
    0.0000098371           0.0000004753
    0.0000095248           0.0000004677
    0.0000097223           0.0000004725
    0.0000105030           0.0000004911
    0.0000103055           0.0000004865
    0.0000104479           0.0000004898
    0.0000106086           0.0000004936
    0.0000107372           0.0000004965
    0.0000118715           0.0000005221
    0.0000116878           0.0000005181
    0.0000117246           0.0000005189
    0.0000119772           0.0000005244
    0.0000122389           0.0000005301
    0.0000128589           0.0000005434
    0.0000131299           0.0000005491
    0.0000133182           0.0000005530
    0.0000138738           0.0000005644
    0.0000142550           0.0000005721
    0.0000143836           0.0000005747
    0.0000148658           0.0000005843
    0.0000149531           0.0000005860
    0.0000154445           0.0000005955
    0.0000160185           0.0000006065
    0.0000164319           0.0000006143
    0.0000170794           0.0000006262
    0.0000171437           0.0000006274
    0.0000178188           0.0000006397
    0.0000188475           0.0000006579
    0.0000184112           0.0000006502
    0.0000187005           0.0000006553
    0.0000184204           0.0000006504
    0.0000198119           0.0000006745
    0.0000196925           0.0000006724
    0.0000198854           0.0000006757
    0.0000205789           0.0000006874
    0.0000207488           0.0000006902
    0.0000200324           0.0000006782
    0.0000204594           0.0000006854
    0.0000205237           0.0000006865
    0.0000203630           0.0000006838
    0.0000202803           0.0000006824
    0.0000205972           0.0000006877
    0.0000205008           0.0000006861
    0.0000200324           0.0000006782
    0.0000195823           0.0000006706
    0.0000188429           0.0000006578
    0.0000184801           0.0000006514
    0.0000174881           0.0000006337
    0.0000177820           0.0000006390
    0.0000162849           0.0000006115
    0.0000165742           0.0000006169
    0.0000161793           0.0000006095
    0.0000145076           0.0000005772
    0.0000143744           0.0000005745
    0.0000139657           0.0000005663
    0.0000133319           0.0000005533
    0.0000123216           0.0000005319
    0.0000115363           0.0000005147
    0.0000114949           0.0000005138
    0.0000104846           0.0000004907
    0.0000103836           0.0000004883
    0.0000091849           0.0000004592
    0.0000089048           0.0000004522
    0.0000091298           0.0000004579
    0.0000083629           0.0000004382
    0.0000078164           0.0000004237
    0.0000077659           0.0000004223
    0.0000072882           0.0000004091
    0.0000073250           0.0000004101
    0.0000069989           0.0000004009
    0.0000065948           0.0000003891
    0.0000064386           0.0000003845
    0.0000065718           0.0000003885
    0.0000058462           0.0000003664
    0.0000061447           0.0000003756
    0.0000057130           0.0000003622
    0.0000056579           0.0000003604
    0.0000057176           0.0000003623
    0.0000058003           0.0000003649
    0.0000057176           0.0000003623
    0.0000055661           0.0000003575
    0.0000055293           0.0000003563
    0.0000055156           0.0000003559
    0.0000052767           0.0000003481
    0.0000056579           0.0000003604
    0.0000053227           0.0000003496
    0.0000055247           0.0000003562
    0.0000052997           0.0000003488
    0.0000052492           0.0000003472
    0.0000053778           0.0000003514
    0.0000052859           0.0000003484
    0.0000054972           0.0000003553
    0.0000054283           0.0000003531
    0.0000055110           0.0000003557
    0.0000049782           0.0000003381
    0.0000050058           0.0000003390
    0.0000053962           0.0000003520
    0.0000050196           0.0000003395
    0.0000050104           0.0000003392
    0.0000048772           0.0000003347
    0.0000052125           0.0000003460
    0.0000049048           0.0000003356
    0.0000050242           0.0000003397
    0.0000051573           0.0000003441
    0.0000048405           0.0000003334
    0.0000048267           0.0000003329
    0.0000047119           0.0000003289
    0.0000046017           0.0000003251
    0.0000045741           0.0000003241
    0.0000046659           0.0000003273
    0.0000043353           0.0000003155
    0.0000042848           0.0000003137
    0.0000046797           0.0000003278
    0.0000041883           0.0000003101
    0.0000039817           0.0000003024
    0.0000039954           0.0000003029
    0.0000043031           0.0000003143
    0.0000040643           0.0000003055
    0.0000040919           0.0000003065
    0.0000039495           0.0000003011
    0.0000042480           0.0000003123
    0.0000038852           0.0000002987
    0.0000042159           0.0000003111
    0.0000041837           0.0000003099
    0.0000039082           0.0000002996
    0.0000037245           0.0000002924
    0.0000039266           0.0000003003
    0.0000036786           0.0000002906
    0.0000038852           0.0000002987
    0.0000038715           0.0000002982
    0.0000038990           0.0000002992
    0.0000038439           0.0000002971
    0.0000040230           0.0000003039
    0.0000036143           0.0000002881
    0.0000038255           0.0000002964
    0.0000039541           0.0000003013
    0.0000037612           0.0000002939
    0.0000036878           0.0000002910
    0.0000037796           0.0000002946
    0.0000038117           0.0000002958
    0.0000037107           0.0000002919
    0.0000038760           0.0000002983
    0.0000037980           0.0000002953
    0.0000039817           0.0000003024
    0.0000039495           0.0000003011
    0.0000036372           0.0000002890
    0.0000042205           0.0000003113
    0.0000038163           0.0000002960
    0.0000041562           0.0000003089
    0.0000041975           0.0000003105
    0.0000041057           0.0000003070
    0.0000043261           0.0000003152
    0.0000044088           0.0000003182
    0.0000042756           0.0000003133
    0.0000042572           0.0000003127
    0.0000045282           0.0000003225
    0.0000044455           0.0000003195
    0.0000044409           0.0000003193
    0.0000044914           0.0000003211
    0.0000045236           0.0000003223
    0.0000044225           0.0000003187
    0.0000045971           0.0000003249
    0.0000046062           0.0000003252
    0.0000045787           0.0000003242
    0.0000046751           0.0000003276
    0.0000045557           0.0000003234
    0.0000048359           0.0000003332
    0.0000046108           0.0000003254
    0.0000049461           0.0000003370
    0.0000046843           0.0000003280
    0.0000048542           0.0000003339
    0.0000049782           0.0000003381
    0.0000045465           0.0000003231
    0.0000046705           0.0000003275
    0.0000048910           0.0000003351
    0.0000048359           0.0000003332
    0.0000049507           0.0000003372
    0.0000047532           0.0000003304
    0.0000043904           0.0000003175
    0.0000045603           0.0000003236
    0.0000046935           0.0000003283
    0.0000043399           0.0000003157
    0.0000045098           0.0000003218
    0.0000042756           0.0000003133
    0.0000040781           0.0000003060
    0.0000040552           0.0000003051
    0.0000040965           0.0000003067
    0.0000039587           0.0000003015
    0.0000038623           0.0000002978
    0.0000036097           0.0000002879
    0.0000038485           0.0000002973
    0.0000037107           0.0000002919
    0.0000036326           0.0000002888
    0.0000035408           0.0000002851
    0.0000036372           0.0000002890
    0.0000033525           0.0000002775
    0.0000036143           0.0000002881
    0.0000032377           0.0000002727
    0.0000031964           0.0000002709
    0.0000031321           0.0000002682
    0.0000032193           0.0000002719
    0.0000031458           0.0000002688
    0.0000029300           0.0000002594
    0.0000029943           0.0000002622
    0.0000028427           0.0000002555
    0.0000028427           0.0000002555
    0.0000029943           0.0000002622
    0.0000028611           0.0000002563
    0.0000027417           0.0000002509
    0.0000027187           0.0000002499
    0.0000026499           0.0000002467
    0.0000028611           0.0000002563
    0.0000029162           0.0000002588
    0.0000026866           0.0000002484
    0.0000028749           0.0000002569
    0.0000027830           0.0000002528
    0.0000026544           0.0000002469
    0.0000028657           0.0000002565
    0.0000026361           0.0000002460
    0.0000027922           0.0000002532
    0.0000027050           0.0000002492
    0.0000025121           0.0000002402
    0.0000024799           0.0000002386
    0.0000024248           0.0000002360
    0.0000025075           0.0000002400
    0.0000023468           0.0000002321
    0.0000024662           0.0000002380
    0.0000024707           0.0000002382
    0.0000023559           0.0000002326
    0.0000022228           0.0000002259
    0.0000025764           0.0000002432
    0.0000022733           0.0000002285
    0.0000023605           0.0000002328
    0.0000023605           0.0000002328
    0.0000023376           0.0000002317
    0.0000022733           0.0000002285
    0.0000023835           0.0000002339
    0.0000022090           0.0000002252
    0.0000022733           0.0000002285
    0.0000022870           0.0000002292
    0.0000022457           0.0000002271
    0.0000020023           0.0000002144
    0.0000021722           0.0000002233
    0.0000020804           0.0000002186
    0.0000021906           0.0000002243
    0.0000022319           0.0000002264
    0.0000020666           0.0000002178
    0.0000021171           0.0000002205
    0.0000020207           0.0000002154
    0.0000023054           0.0000002301
    0.0000020436           0.0000002166
    0.0000021125           0.0000002202
    0.0000021676           0.0000002231
    0.0000020161           0.0000002152
    0.0000020758           0.0000002183
    0.0000020391           0.0000002164
    0.0000019839           0.0000002134
    0.0000020528           0.0000002171
    0.0000020391           0.0000002164
    0.0000021631           0.0000002229
    0.0000019242           0.0000002102
    0.0000020620           0.0000002176
    0.0000020436           0.0000002166
    0.0000020528           0.0000002171
    0.0000019197           0.0000002100
    0.0000021034           0.0000002198
    0.0000019885           0.0000002137
    0.0000020299           0.0000002159
    0.0000019334           0.0000002107
    0.0000019610           0.0000002122
    0.0000020023           0.0000002144
    0.0000018416           0.0000002056
    0.0000019380           0.0000002110
    0.0000019977           0.0000002142
    0.0000019794           0.0000002132
    0.0000020528           0.0000002171
    0.0000019013           0.0000002089
    0.0000020436           0.0000002166
    0.0000019977           0.0000002142
    0.0000018599           0.0000002067
    0.0000019885           0.0000002137
    0.0000020345           0.0000002161
    0.0000018783           0.0000002077
    0.0000019656           0.0000002124
    0.0000018967           0.0000002087
    0.0000020482           0.0000002169
    0.0000019931           0.0000002139
    0.0000019656           0.0000002124
    0.0000020391           0.0000002164
    0.0000021217           0.0000002207
    0.0000022962           0.0000002296
    0.0000020942           0.0000002193
    0.0000021631           0.0000002229
    0.0000021768           0.0000002236
    0.0000021814           0.0000002238
    0.0000022962           0.0000002296
    0.0000018370           0.0000002054
    0.0000022641           0.0000002280
    0.0000022136           0.0000002255
    0.0000024248           0.0000002360
    0.0000022641           0.0000002280
    0.0000021906           0.0000002243
    0.0000022549           0.0000002275
    0.0000021860           0.0000002240
    0.0000022273           0.0000002262
    0.0000024707           0.0000002382
    0.0000024110           0.0000002353
    0.0000023559           0.0000002326
    0.0000023192           0.0000002308
    0.0000027739           0.0000002524
    0.0000024386           0.0000002366
    0.0000027325           0.0000002505
    0.0000026223           0.0000002454
    0.0000024662           0.0000002380
    0.0000026039           0.0000002445
    0.0000026177           0.0000002452
    0.0000028473           0.0000002557
    0.0000025580           0.0000002424
    0.0000027509           0.0000002513
    0.0000026453           0.0000002465
    0.0000027876           0.0000002530
    0.0000028473           0.0000002557
    0.0000027187           0.0000002499
    0.0000027004           0.0000002490
    0.0000029438           0.0000002600
    0.0000025672           0.0000002428
    0.0000027233           0.0000002501
    0.0000027509           0.0000002513
    0.0000027922           0.0000002532
    0.0000028106           0.0000002540
    0.0000027187           0.0000002499
    0.0000027601           0.0000002517
    0.0000028887           0.0000002575
    0.0000029208           0.0000002590
    0.0000029621           0.0000002608
    0.0000026728           0.0000002477
    0.0000025810           0.0000002434
    0.0000028060           0.0000002538
    0.0000028381           0.0000002553
    0.0000026912           0.0000002486
    0.0000027279           0.0000002503
    0.0000026269           0.0000002456
    0.0000025488           0.0000002419
    0.0000027004           0.0000002490
    0.0000024478           0.0000002371
    0.0000024891           0.0000002391
    0.0000024845           0.0000002389
    0.0000026774           0.0000002480
    0.0000024248           0.0000002360
    0.0000022595           0.0000002278
    0.0000027555           0.0000002515
    0.0000023238           0.0000002310
    0.0000024707           0.0000002382
    0.0000024753           0.0000002384
    0.0000022870           0.0000002292
    0.0006582753           0.0000038879
